   0.00000000       1.90041472E-12   6.41974364E-12   1.69707894E-11   4.15115754E-11   9.87944102E-11   2.33450065E-10   5.52672741E-10   1.31601074E-09   3.15632742E-09   7.58903074E-09   1.83747790E-08   4.46657502E-08   1.08516211E-07   2.61942944E-07   6.24379140E-07   1.46178127E-06   3.34804924E-03   7.48612918E-03   1.63387358E-02   3.48675326E-02   7.29880035E-02  0.150472686      0.306728274      0.619895995       1.24214244       2.45721221       4.73166656       8.83372784       16.3004074       29.6735306       52.8098946       90.9493790       1.90041472E-12   0.00000000       4.75761704E-12   1.60845330E-11   4.25526663E-11   1.04161096E-10   2.48057519E-10   5.86498627E-10   1.38919243E-09   3.30936367E-09   7.90143950E-09   1.90061513E-08   4.59311735E-08   1.11028001E-07   2.66862173E-07   6.33842092E-07   1.47958747E-06   3.38072726E-03   7.54453568E-03   1.64404474E-02   3.50404903E-02   7.32761994E-02  0.150945306      0.307494134      0.621125937       1.24410009       2.46028686       4.73636436       8.84068298       16.3105755       29.6881905       52.8305359       90.9774780       6.41974364E-12   4.75761704E-12   0.00000000       1.19261944E-11   4.03460564E-11   1.06803941E-10   2.61586447E-10   6.23288088E-10   1.47436630E-09   3.49363560E-09   8.28454105E-09   1.97885992E-08   4.75091326E-08   1.14171534E-07   2.73031503E-07   6.45723048E-07   1.50195626E-06   3.42178554E-03   7.61791924E-03   1.65682267E-02   3.52577269E-02   7.36381114E-02  0.151538640      0.308455408      0.622669339       1.24655628       2.46414399       4.74225569       8.84939766       16.3233128       29.7065430       52.8563499       91.0125427       1.69707894E-11   1.60845330E-11   1.19261944E-11   0.00000000       2.99276021E-11   1.01296867E-10   2.68284922E-10   6.57390364E-10   1.56703184E-09   3.70813558E-09   8.74565753E-09   2.07478674E-08   4.94641448E-08   1.18090071E-07   2.80748708E-07   6.60613921E-07   1.53001918E-06   3.47331702E-03   7.71002984E-03   1.67285986E-02   3.55303213E-02   7.40921050E-02  0.152282745      0.309660643      0.624604046       1.24963427       2.46897602       4.74963331       8.86030579       16.3392429       29.7294731       52.8885803       91.0562592       4.15115754E-11   4.25526663E-11   4.03460564E-11   2.99276021E-11   0.00000000       7.51638404E-11   2.54514465E-10   6.74347300E-10   1.65298741E-09   3.94156308E-09   9.28205512E-09   2.19020126E-08   5.18600061E-08   1.22942382E-07   2.90361498E-07   6.79223604E-07   1.56515262E-06   3.53788701E-03   7.82548077E-03   1.69296041E-02   3.58719304E-02   7.46608973E-02  0.153214693      0.311169684      0.627025604       1.25348604       2.47502112       4.75885773       8.87393284       16.3591251       29.7580624       52.9286957       91.1105499       9.87944102E-11   1.04161096E-10   1.06803941E-10   1.01296867E-10   7.51638404E-11   0.00000000       2.84349849E-10   1.52892554E-09   6.43251141E-09   2.50368686E-08   9.42883673E-08   3.52656599E-07   1.31839374E-06   4.92742902E-06   1.83433094E-05   6.76648488E-05   2.46056879E-04   3.61859053E-03   7.96988141E-03   1.71810593E-02   3.62992361E-02   7.53722042E-02  0.154379815      0.313055605      0.630051076       1.25829661       2.48256755       4.77036619       8.89091873       16.3838787       29.7936039       52.9784737       91.1777344       2.33450065E-10   2.48057519E-10   2.61586447E-10   2.68284922E-10   2.54514465E-10   2.84349849E-10   0.00000000       2.33089792E-09   1.25363444E-08   5.27562598E-08   2.04216121E-07   7.69592020E-07   2.87293142E-06   1.06793032E-05   3.94821873E-05   1.44613412E-04   5.22400835E-04   3.71907023E-03   8.14992469E-03   1.74947735E-02   3.68323810E-02   7.62595534E-02  0.155832857      0.315406740      0.633821428       1.26428914       2.49196410       4.78468370       8.91202164       16.4145851       29.8376160       53.0399437       91.2603989       5.52672741E-10   5.86498627E-10   6.23288088E-10   6.57390364E-10   6.74347300E-10   1.52892554E-09   2.33089792E-09   0.00000000       1.30984370E-08   7.04625336E-08   2.94682991E-07   1.14182819E-06   4.29497823E-06   1.59415631E-05   5.86145579E-05   2.13205567E-04   7.64740573E-04   3.84341320E-03   8.37333966E-03   1.78845711E-02   3.74951698E-02   7.73627013E-02  0.157638878      0.318328172      0.638504565       1.27172875       2.50362253       4.80242968       8.93813801       16.4525166       29.8918457       53.1154518       91.3614426       1.31601074E-09   1.38919243E-09   1.47436630E-09   1.56703184E-09   1.65298741E-09   6.43251141E-09   1.25363444E-08   1.30984370E-08   0.00000000       6.43421600E-08   3.43423579E-07   1.43887974E-06   5.56572331E-06   2.08145757E-05   7.64117140E-05   2.76407460E-04   9.84582235E-04   3.99577664E-03   8.64850450E-03   1.83659419E-02   3.83146964E-02   7.87273645E-02  0.159873068      0.321941376      0.644294739       1.28092349       2.51802158       4.82431984       8.97028542       16.4990845       29.9582176       53.2074585       91.4837570       3.15632742E-09   3.30936367E-09   3.49363560E-09   3.70813558E-09   3.94156308E-09   2.50368686E-08   5.27562598E-08   7.04625336E-08   6.43421600E-08   0.00000000       2.91373595E-07   1.56350745E-06   6.54284941E-06   2.51625006E-05   9.30647147E-05   3.36103927E-04   1.19064620E-03   4.17941948E-03   8.98334291E-03   1.89547520E-02   3.93198729E-02   8.04033577E-02  0.162618384      0.326381475      0.651408672       1.29221570       2.53569198       4.85114002       9.00956535       16.5558033       30.0387154       53.3183937       91.6299286       7.58903074E-09   7.90143950E-09   8.28454105E-09   8.74565753E-09   9.28205512E-09   9.42883673E-08   2.04216121E-07   2.94682991E-07   3.43423579E-07   2.91373595E-07   0.00000000       1.27798444E-06   6.83308599E-06   2.83949048E-05   1.07920358E-04   3.92531743E-04   1.38812955E-03   4.39555431E-03   9.38428380E-03   1.96664464E-02   4.05410491E-02   8.24450180E-02  0.165967181      0.331800729      0.660092413       1.30599642       2.55724096       4.88378525       9.05721664       16.6243210       30.1354408       53.4506989       91.8022232       1.83747790E-08   1.90061513E-08   1.97885992E-08   2.07478674E-08   2.19020126E-08   3.52656599E-07   7.69592020E-07   1.14182819E-06   1.43887974E-06   1.56350745E-06   1.27798444E-06   0.00000000       5.42746602E-06   2.88066767E-05   1.18273660E-04   4.42054094E-04   1.57460361E-03   4.63653076E-03   9.84748453E-03   2.05044225E-02   4.19941433E-02   8.48888457E-02  0.169988886      0.338320792      0.670549572       1.32259464       2.58317828       4.92298746       9.11418343       16.7057610       30.2495480       53.6050644       91.9997101       4.46657502E-08   4.59311735E-08   4.75091326E-08   4.94641448E-08   5.18600061E-08   1.31839374E-06   2.87293142E-06   4.29497823E-06   5.56572331E-06   6.54284941E-06   6.83308599E-06   5.42746602E-06   0.00000000       2.23651641E-05   1.17262120E-04   4.73506894E-04   1.73372135E-03   4.87838872E-03   1.03507992E-02   2.14514211E-02   4.36714962E-02   8.77439976E-02  0.174720675      0.346024096      0.682934701       1.34227610       2.61392593       4.96933079       9.18113041       16.8007298       30.3812122       53.7803802       92.2182007       1.08516211E-07   1.11028001E-07   1.14171534E-07   1.18090071E-07   1.22942382E-07   4.92742902E-06   1.06793032E-05   1.59415631E-05   2.08145757E-05   2.51625006E-05   2.83949048E-05   2.88066767E-05   2.23651641E-05   0.00000000       8.91634918E-05   4.59979143E-04   1.82075903E-03   5.06251445E-03   1.08327996E-02   2.24451255E-02   4.55129631E-02   9.09571797E-02  0.180123419      0.354897588      0.697279036       1.36514091       2.64967299       5.02304506       9.25813675       16.9088364       30.5289116       53.9725800       92.4481735       2.61942944E-07   2.66862173E-07   2.73031503E-07   2.80748708E-07   2.90361498E-07   1.83433094E-05   3.94821873E-05   5.86145579E-05   7.64117140E-05   9.30647147E-05   1.07920358E-04   1.18273660E-04   1.17262120E-04   8.91634918E-05   0.00000000       3.42758780E-04   1.73506746E-03   5.06278686E-03   1.11568086E-02   2.33385079E-02   4.73617874E-02   9.43632051E-02  0.186026081      0.364769518      0.713419020       1.39104402       2.69028544       5.08389473       9.34454155       17.0284672       30.6890678       54.1740608       92.6739807       6.24379140E-07   6.33842092E-07   6.45723048E-07   6.60613921E-07   6.79223604E-07   6.76648488E-05   1.44613412E-04   2.13205567E-04   2.76407460E-04   3.36103927E-04   3.92531743E-04   4.42054094E-04   4.73506894E-04   4.59979143E-04   3.42758780E-04   0.00000000       1.26727740E-03   4.62435838E-03   1.10455044E-02   2.38298457E-02   4.88896258E-02   9.76046994E-02  0.192040384      0.375220299      0.730906248       1.41950881       2.73523211       5.15112829       9.43893433       17.1568527       30.8561935       54.3739281       92.8741150       1.46178127E-06   1.47958747E-06   1.50195626E-06   1.53001918E-06   1.56515262E-06   2.46056879E-04   5.22400835E-04   7.64740573E-04   9.84582235E-04   1.19064620E-03   1.38812955E-03   1.57460361E-03   1.73372135E-03   1.82075903E-03   1.73506746E-03   1.26727740E-03   0.00000000       3.25130881E-03   9.96353943E-03   2.33401116E-02   4.94690016E-02  0.100000709      0.197427750      0.385453105      0.748891056       1.44964159       2.78355670       5.22354031       9.53935242       17.2904835       31.0236912       54.5593681       93.0234680       3.34804924E-03   3.38072726E-03   3.42178554E-03   3.47331702E-03   3.53788701E-03   3.61859053E-03   3.71907023E-03   3.84341320E-03   3.99577664E-03   4.17941948E-03   4.39555431E-03   4.63653076E-03   4.87838872E-03   5.06251445E-03   5.06278686E-03   4.62435838E-03   3.25130881E-03   0.00000000       6.90475898E-03   2.07944252E-02   4.79498319E-02  0.100320332      0.200874612      0.394079506      0.765934527       1.47999549       2.83383822       5.29959059       9.64363766       17.4258461       31.1852055       54.7179756       93.0970306       7.48612918E-03   7.54453568E-03   7.61791924E-03   7.71002984E-03   7.82548077E-03   7.96988141E-03   8.14992469E-03   8.37333966E-03   8.64850450E-03   8.98334291E-03   9.38428380E-03   9.84748453E-03   1.03507992E-02   1.08327996E-02   1.11568086E-02   1.10455044E-02   9.96353943E-03   6.90475898E-03   0.00000000       1.42215146E-02   4.22512144E-02   9.63687301E-02  0.200077429      0.398712188      0.779625595       1.50824296       2.88396001       5.37732840       9.74961567       17.5600300       31.3358688       54.8400116       93.0737762       1.63387358E-02   1.64404474E-02   1.65682267E-02   1.67285986E-02   1.69296041E-02   1.71810593E-02   1.74947735E-02   1.78845711E-02   1.83659419E-02   1.89547520E-02   1.96664464E-02   2.05044225E-02   2.14514211E-02   2.24451255E-02   2.33385079E-02   2.38298457E-02   2.33401116E-02   2.07944252E-02   1.42215146E-02   0.00000000       2.85911560E-02   8.41990262E-02  0.190935493      0.395141184      0.785748541       1.53034651       2.93031096       5.45364332       9.85439301       17.6901035       31.4718742       54.9181938       92.9367294       3.48675326E-02   3.50404903E-02   3.52577269E-02   3.55303213E-02   3.58719304E-02   3.62992361E-02   3.68323810E-02   3.74951698E-02   3.83146964E-02   3.93198729E-02   4.05410491E-02   4.19941433E-02   4.36714962E-02   4.55129631E-02   4.73617874E-02   4.88896258E-02   4.94690016E-02   4.79498319E-02   4.22512144E-02   2.85911560E-02   0.00000000       5.65797538E-02  0.165962070      0.375675261      0.776537299       1.53870642       2.96578956       5.52204275       9.95178223       17.8100491       31.5866203       54.9426537       92.6658859       7.29880035E-02   7.32761994E-02   7.36381114E-02   7.40921050E-02   7.46608973E-02   7.53722042E-02   7.62595534E-02   7.73627013E-02   7.87273645E-02   8.04033577E-02   8.24450180E-02   8.48888457E-02   8.77439976E-02   9.09571797E-02   9.43632051E-02   9.76046994E-02  0.100000709      0.100320332       9.63687301E-02   8.41990262E-02   5.65797538E-02   0.00000000      0.111166008      0.325862110      0.737185776       1.51839423       2.97565126       5.56791449       10.0266371       17.9036922       31.6615963       54.8886375       92.2208786      0.150472686      0.150945306      0.151538640      0.152282745      0.153214693      0.154379815      0.155832857      0.157638878      0.159873068      0.162618384      0.165967181      0.169988886      0.174720675      0.180123419      0.186026081      0.192040384      0.197427750      0.200874612      0.200077429      0.190935493      0.165962070      0.111166008       0.00000000      0.218155384      0.639146745       1.43995678       2.92963648       5.55964231       10.0444117       17.9320469       31.6504059       54.6955070       91.5122375      0.306728274      0.307494134      0.308455408      0.309660643      0.311169684      0.313055605      0.315406740      0.318328172      0.321941376      0.326381475      0.331800729      0.338320792      0.346024096      0.354897588      0.364769518      0.375220299      0.385453105      0.394079506      0.398712188      0.395141184      0.375675261      0.325862110      0.218155384       0.00000000      0.427709430       1.24634755       2.76803637       5.43341160       9.93407249       17.8135433       31.4552441       54.2377014       90.3640823      0.619895995      0.621125937      0.622669339      0.624604046      0.627025604      0.630051076      0.633821428      0.638504565      0.644294739      0.651408672      0.660092413      0.670549572      0.682934701      0.697279036      0.713419020      0.730906248      0.748891056      0.765934527      0.779625595      0.785748541      0.776537299      0.737185776      0.639146745      0.427709430       0.00000000      0.830385804       2.37848949       5.06905222       9.56255531       17.3967609       30.8974380       53.2925301       88.4780273       1.24214244       1.24410009       1.24655628       1.24963427       1.25348604       1.25829661       1.26428914       1.27172875       1.28092349       1.29221570       1.30599642       1.32259464       1.34227610       1.36514091       1.39104402       1.41950881       1.44964159       1.47999549       1.50824296       1.53034651       1.53870642       1.51839423       1.43995678       1.24634755      0.830385804       0.00000000       1.56220591       4.25761652       8.70412540       16.4328003       29.6949520       51.5257988       85.4320602       2.45721221       2.46028686       2.46414399       2.46897602       2.47502112       2.48256755       2.49196410       2.50362253       2.51802158       2.53569198       2.55724096       2.58317828       2.61392593       2.64967299       2.69028544       2.73523211       2.78355670       2.83383822       2.88396001       2.93031096       2.96578956       2.97565126       2.92963648       2.76803637       2.37848949       1.56220591       0.00000000       2.67614460       7.02710199       14.5793619       27.4919662       48.5593643       80.8046341       4.73166656       4.73636436       4.74225569       4.74963331       4.75885773       4.77036619       4.78468370       4.80242968       4.82431984       4.85114002       4.88378525       4.92298746       4.96933079       5.02304506       5.08389473       5.15112829       5.22354031       5.29959059       5.37732840       5.45364332       5.52204275       5.56791449       5.55964231       5.43341160       5.06905222       4.25761652       2.67614460       0.00000000       4.26173544       11.6466351       24.2160950       44.4889717       74.9270325       8.83372784       8.84068298       8.84939766       8.86030579       8.87393284       8.89091873       8.91202164       8.93813801       8.97028542       9.00956535       9.05721664       9.11418343       9.18113041       9.25813675       9.34454155       9.43893433       9.53935242       9.64363766       9.74961567       9.85439301       9.95178223       10.0266371       10.0444117       9.93407249       9.56255531       8.70412540       7.02710199       4.26173544       0.00000000       7.33904314       19.7262917       39.3806458       68.1363602       16.3004074       16.3105755       16.3233128       16.3392429       16.3591251       16.3838787       16.4145851       16.4525166       16.4990845       16.5558033       16.6243210       16.7057610       16.8007298       16.9088364       17.0284672       17.1568527       17.2904835       17.4258461       17.5600300       17.6901035       17.8100491       17.9036922       17.9320469       17.8135433       17.3967609       16.4328003       14.5793619       11.6466351       7.33904314       0.00000000       12.2386208       31.2291756       58.0412445       29.6735306       29.6881905       29.7065430       29.7294731       29.7580624       29.7936039       29.8376160       29.8918457       29.9582176       30.0387154       30.1354408       30.2495480       30.3812122       30.5289116       30.6890678       30.8561935       31.0236912       31.1852055       31.3358688       31.4718742       31.5866203       31.6615963       31.6504059       31.4552441       30.8974380       29.6949520       27.4919662       24.2160950       19.7262917       12.2386208       0.00000000       18.3910637       43.0683899       52.8098946       52.8305359       52.8563499       52.8885803       52.9286957       52.9784737       53.0399437       53.1154518       53.2074585       53.3183937       53.4506989       53.6050644       53.7803802       53.9725800       54.1740608       54.3739281       54.5593681       54.7179756       54.8400116       54.9181938       54.9426537       54.8886375       54.6955070       54.2377014       53.2925301       51.5257988       48.5593643       44.4889717       39.3806458       31.2291756       18.3910637       0.00000000       22.9620132       90.9493790       90.9774780       91.0125427       91.0562592       91.1105499       91.1777344       91.2603989       91.3614426       91.4837570       91.6299286       91.8022232       91.9997101       92.2182007       92.4481735       92.6739807       92.8741150       93.0234680       93.0970306       93.0737762       92.9367294       92.6658859       92.2208786       91.5122375       90.3640823       88.4780273       85.4320602       80.8046341       74.9270325       68.1363602       58.0412445       43.0683899       22.9620132       0.00000000    
